  7.4255900e+002  1.4260215e+002  2.4869722e+000
  7.4068729e+002  1.4098395e+002 -6.3771779e+001
  7.5481759e+002  1.4400040e+002 -2.8014032e+001
  7.6297346e+002  1.4334653e+002 -2.3100189e+001
  7.6716848e+002  1.4195426e+002  8.0309376e+000
  7.2940965e+002  1.4029126e+002  1.7659235e+001
  7.1363403e+002  1.3825676e+002 -6.6351251e+001
  7.5981534e+002  1.4048236e+002 -3.3994538e+001
  7.7403054e+002  1.4208879e+002 -2.0981697e+001
  7.8230333e+002  1.4110671e+002  3.0695949e-001
  7.3264749e+002  1.3992650e+002  2.5946913e+001
  7.1298026e+002  1.3783017e+002 -6.2213105e+001
  7.3726886e+002  1.4169525e+002 -3.8082025e+001
  7.4155378e+002  1.4218116e+002 -1.9069631e+001
  7.1784215e+002  1.4259472e+002 -1.8634234e+001
  6.8209447e+002  1.4118363e+002 -2.0068110e+001
  6.4625114e+002  1.4070952e+002  2.8731353e+001
  6.3825242e+002  1.3826061e+002 -3.7251361e-001
  6.5608500e+002  1.4002281e+002 -6.1513216e+001
  6.9577858e+002  1.4469207e+002 -2.7193656e+001
  7.2539933e+002  1.4601216e+002 -1.6785633e+001
  7.6099661e+002  1.4588429e+002  3.4454198e+001
  7.2062975e+002  1.4428424e+002 -3.8734761e+001
  7.6023148e+002  1.4347635e+002 -5.2439494e+001
  7.6186779e+002  1.4585326e+002 -1.7078841e+001
  7.8754141e+002  1.4414295e+002 -1.3164868e+001
  7.4529513e+002  1.4218955e+002  3.0722949e+001
  7.1705855e+002  1.3811682e+002 -5.6385244e+001
  7.4278460e+002  1.4007997e+002 -3.5522627e+001
  7.5651615e+002  1.4265626e+002 -1.5567430e+001
  7.5027610e+002  1.4146100e+002  4.0086060e+000
  7.1605405e+002  1.3989518e+002  2.6458108e+001
  7.0379294e+002  1.3731521e+002 -4.7689507e+001
  7.3547237e+002  1.4091677e+002 -4.1574821e+001
  7.4314511e+002  1.4227388e+002 -1.6204641e+001
  7.6682396e+002  1.4143680e+002 -1.3861683e+001
  7.4854838e+002  1.4188112e+002 -1.0030433e+000
  7.2028792e+002  1.4027959e+002  3.8480710e+001
  6.9199547e+002  1.3815655e+002 -5.0045618e+001
  7.1162388e+002  1.4165044e+002 -4.6310570e+001
  7.4920586e+002  1.4442911e+002 -1.5034921e+001
  7.4680405e+002  1.4514116e+002 -1.3221545e+001
  7.4041445e+002  1.4445281e+002 -9.1824205e+000
  7.1002641e+002  1.4374389e+002  3.9414185e+001
  6.7158928e+002  1.4200222e+002 -5.7167338e+000
  6.9703899e+002  1.4326991e+002 -5.3685396e+001
  7.4041798e+002  1.4705606e+002 -2.6847748e+001
  7.4379852e+002  1.4771798e+002 -1.2784062e+001
  7.6318626e+002  1.4649179e+002  1.2416102e+001
  7.3061351e+002  1.4551942e+002  2.8744745e+001
  7.1202599e+002  1.4297528e+002 -5.2756919e+001
  7.3139271e+002  1.4469910e+002 -4.4969726e+001
  7.5874595e+002  1.4677378e+002 -2.0036698e+001
  8.0413130e+002  1.4594575e+002 -1.3435280e+001
  8.0162440e+002  1.4436166e+002 -1.1292468e+001
  7.9122107e+002  1.4179384e+002 -1.9716929e+000
  7.5490398e+002  1.3959603e+002  2.8033582e+001
  7.2261260e+002  1.3653257e+002 -4.5485636e+001
  7.7029311e+002  1.3821934e+002 -3.2427879e+001
  7.6802497e+002  1.3982615e+002 -1.3712382e+001
  7.6380440e+002  1.3753369e+002  6.8560448e+000
  7.4762438e+002  1.3560314e+002  3.0795684e+001
  7.1345793e+002  1.3356427e+002 -3.9129566e+001
  7.5924811e+002  1.3479069e+002 -4.1033247e+001
  7.7907123e+002  1.3800445e+002 -1.5510532e+001
  7.8896035e+002  1.3778289e+002 -1.0909882e+001
  7.7893193e+002  1.3777765e+002  3.3418369e+001
  7.1696926e+002  1.3613672e+002 -4.0372897e+001
  7.4896907e+002  1.3680537e+002 -3.4879667e+001
  7.7498470e+002  1.4047472e+002 -1.5812784e+001
  7.6105951e+002  1.4098386e+002 -7.0244708e+000
  7.3517028e+002  1.3964366e+002  3.3081920e+001
  7.2127386e+002  1.3802789e+002 -4.8520768e+001
  7.6134711e+002  1.4121484e+002 -2.8946539e+001
  7.8345679e+002  1.4363583e+002 -1.1629769e+001
  7.8563978e+002  1.4223789e+002 -8.7945970e+000
  7.4989969e+002  1.4061870e+002  3.3525702e+001
  7.2417698e+002  1.3820856e+002 -5.5886337e+001
  7.6442875e+002  1.4139044e+002 -1.4308736e+001
  7.6472211e+002  1.4225366e+002 -1.0855197e+001
  7.6105754e+002  1.4094665e+002 -9.0089653e+000
  7.2542893e+002  1.4003423e+002  4.0984036e+001
  7.1977691e+002  1.3928988e+002 -6.3886870e+001
  7.2609204e+002  1.4162536e+002 -2.2186470e+001
  7.3238486e+002  1.4233257e+002 -6.8652619e+000
  6.9066586e+002  1.4133868e+002  5.6729289e+001
  6.7686550e+002  1.3925904e+002 -7.5972827e+001
  6.9296078e+002  1.4351318e+002 -1.2990778e+001
  7.1297853e+002  1.4478618e+002 -1.0778596e+001
  7.3895211e+002  1.4530018e+002  4.4280406e+001
  7.0492481e+002  1.4387103e+002 -7.0741006e+001
  7.5083992e+002  1.4446734e+002 -3.4128534e+001
  7.2677396e+002  1.4785612e+002 -1.1416158e+001
  7.3468682e+002  1.4610000e+002 -1.0609025e+001
  7.4859170e+002  1.4553507e+002 -1.1410788e+001
  7.7251176e+002  1.4485237e+002 -1.0726784e+001
  7.7848688e+002  1.4530978e+002  3.2408127e+001
  7.1652701e+002  1.4239405e+002 -3.2211631e+000
  7.3452888e+002  1.4100933e+002 -5.3812037e+001
  7.2852250e+002  1.4462830e+002 -1.1032813e+001
  7.3449786e+002  1.4341900e+002 -9.8371917e+000
  7.1246491e+002  1.4245942e+002  3.9503819e+001
  6.7238694e+002  1.3987295e+002 -2.4312545e+001
  6.8619715e+002  1.4043928e+002 -6.4141646e+001
  7.2791855e+002  1.4480236e+002 -1.6557864e+001
  7.6362068e+002  1.4532246e+002 -1.1557893e+001
  7.9336305e+002  1.4441845e+002 -1.1261401e+001
  7.7919522e+002  1.4383881e+002 -1.0638926e+000
  7.2509359e+002  1.4143859e+002  3.5265627e+001
  7.1296798e+002  1.4026978e+002 -5.6175291e+001
  7.5079818e+002  1.4371043e+002 -1.5760051e+001
  7.8264724e+002  1.4486128e+002 -1.1614292e+001
  8.1656825e+002  1.4315625e+002 -1.1058105e+001
  7.6661774e+002  1.4211950e+002  3.4795437e+001
  7.2671246e+002  1.3805029e+002 -5.3185244e+001
  7.6678590e+002  1.4008985e+002 -2.2176782e+001
  7.5290485e+002  1.4160957e+002 -1.2101497e+001
  7.6504618e+002  1.3947899e+002 -1.1434595e+001
  7.5723011e+002  1.3818256e+002  8.4160333e+000
  7.1344363e+002  1.3660911e+002  3.8200474e+001
  6.9561376e+002  1.3586603e+002 -7.0299633e+001
  7.2771077e+002  1.3950207e+002 -1.4170121e+001
  7.6578817e+002  1.4059430e+002 -1.2129441e+001
  8.0390942e+002  1.4059953e+002 -1.2441192e+001
  8.1213805e+002  1.4099778e+002  2.0908107e+001
  7.6048777e+002  1.3808970e+002  3.4261037e+001
  7.3887251e+002  1.3608745e+002 -6.6666145e+001
  7.6525624e+002  1.3994570e+002 -1.5829653e+001
  7.6968292e+002  1.4052088e+002 -1.2153758e+001
  7.7815995e+002  1.3924393e+002 -1.1821335e+001
  7.4870144e+002  1.3746975e+002  3.9996171e+001
  7.1125830e+002  1.3539236e+002 -6.6145878e+001
  7.3776812e+002  1.3771930e+002 -1.9533385e+001
  7.3627509e+002  1.3868246e+002 -1.2290662e+001
  7.4677672e+002  1.3786444e+002 -1.1608639e+001
  7.4529051e+002  1.3975287e+002  1.4690821e+001
  7.0581399e+002  1.3808691e+002  5.3038551e+001
  6.8828135e+002  1.3715477e+002 -7.4347536e+001
  7.1466339e+002  1.4146791e+002 -2.3001751e+001
  7.1900406e+002  1.4306750e+002 -1.2765518e+001
  7.3531060e+002  1.4262223e+002 -1.2308775e+001
  7.4561020e+002  1.4355934e+002 -1.2348762e+001
  7.3792002e+002  1.4311839e+002  4.2807455e+001
  6.9622723e+002  1.4063366e+002 -5.2936197e+001
  7.2846236e+002  1.4273200e+002 -4.2932291e+001
  7.1667912e+002  1.4596791e+002 -1.2561154e+001
  7.5085788e+002  1.4482078e+002 -1.2761168e+001
  7.4905561e+002  1.4466570e+002  3.0601335e+001
  7.0326929e+002  1.4283741e+002  3.4057626e+001
  7.1742262e+002  1.4179987e+002 -7.6518536e+001
  7.3953919e+002  1.4557234e+002 -1.5793444e+001
  7.3365586e+002  1.4520711e+002 -1.2500890e+001
  7.3776283e+002  1.4440458e+002 -1.2057385e+001
  7.1386693e+002  1.4446840e+002  4.4201809e+001
  6.9192834e+002  1.4182468e+002 -6.3803542e+001
  7.2791050e+002  1.4416302e+002 -2.2019447e+001
  7.4787338e+002  1.4724431e+002 -1.3051267e+001
  7.7185024e+002  1.4705469e+002 -1.2872053e+001
  7.6188106e+002  1.4588885e+002 -1.2943508e+001
  7.4994921e+002  1.4386483e+002  2.7205249e+001
  6.9803481e+002  1.4127827e+002  3.9571134e+001
  6.9605133e+002  1.4098386e+002 -6.2829245e+001
  7.1799548e+002  1.4488010e+002 -2.0885554e+001
  7.2790381e+002  1.4537849e+002 -1.3115887e+001
  7.3379286e+002  1.4497086e+002 -1.2775295e+001
  7.1367242e+002  1.4496353e+002  4.0409789e+001
  6.9150897e+002  1.4251948e+002  1.3359009e+001
  6.9726557e+002  1.4330665e+002 -6.0803722e+001
  7.4295181e+002  1.4772235e+002 -3.1832007e+001
  7.9464384e+002  1.4899093e+002 -1.3042560e+001
  7.9842781e+002  1.4822451e+002 -1.2944066e+001
  7.6831003e+002  1.4581681e+002  2.7373639e+001
  7.3024029e+002  1.4245382e+002  1.4909752e+001
  7.1615516e+002  1.4168094e+002 -5.6297500e+001
  7.5603115e+002  1.4401587e+002 -2.2628796e+001
  7.7393472e+002  1.4415952e+002 -1.2990023e+001
  7.3989572e+002  1.4282811e+002  2.4492886e+001
  7.2585741e+002  1.4043642e+002  2.5649402e+001
  6.9379640e+002  1.3917848e+002 -5.7786549e+001
  7.3165925e+002  1.4186119e+002 -4.3527025e+001
  7.5750907e+002  1.4387801e+002 -1.5212262e+001
  7.6538893e+002  1.4345731e+002 -1.2276067e+001
  7.6931198e+002  1.4249639e+002  2.9767452e+001
  7.1928474e+002  1.3929265e+002  2.7820369e+001
  7.2122385e+002  1.3988274e+002 -6.6635562e+001
  7.4113253e+002  1.4323165e+002 -2.1951767e+001
  7.3304396e+002  1.4357396e+002 -1.2186773e+001
  7.5494467e+002  1.4288424e+002 -1.2448306e+001
  7.5487115e+002  1.4217134e+002 -9.8648009e+000
  7.3882328e+002  1.4200108e+002  3.0717048e+001
  7.1477432e+002  1.3976017e+002 -3.6924123e+001
  7.4868418e+002  1.4106687e+002 -3.9262050e+001
  7.7460938e+002  1.4367937e+002 -2.0111628e+001
  7.6859313e+002  1.4375501e+002 -1.3475940e+001
  7.5662541e+002  1.4227993e+002  1.5558073e+001
  7.1868626e+002  1.4023966e+002  2.9536800e+001
  7.0271245e+002  1.3854081e+002 -5.7530459e+001
  7.5267736e+002  1.4181854e+002 -2.7718817e+001
  7.6266427e+002  1.4299931e+002 -1.3034589e+001
  7.8868982e+002  1.4203810e+002 -2.6842995e+000
  7.4879739e+002  1.3986830e+002  2.8968301e+001
  7.4492048e+002  1.3693030e+002 -6.3199033e+001
  7.9305265e+002  1.4012519e+002 -1.9066914e+001
  7.8727410e+002  1.4030831e+002 -1.3190788e+001
  7.7557520e+002  1.3868896e+002  3.3401138e+001
  7.2193647e+002  1.3593043e+002  7.0465184e+000
  7.1626850e+002  1.3567714e+002 -6.0118572e+001
  7.3656184e+002  1.3844666e+002 -1.9691076e+001
  7.4885031e+002  1.3876961e+002 -1.3560613e+001
  7.3515441e+002  1.3859452e+002  2.7096034e+001
  6.9545129e+002  1.3735410e+002  4.3682626e+001
  6.8767480e+002  1.3627729e+002 -5.8451193e+001
  7.2181196e+002  1.4069229e+002 -3.5291645e+001
  7.5191967e+002  1.4303345e+002 -1.2915131e+001
  7.7804812e+002  1.4332869e+002  4.0027642e+001
  7.3224085e+002  1.4096449e+002  2.4986913e+001
  7.1642151e+002  1.4044791e+002 -5.7196387e+001
  7.4256375e+002  1.4330810e+002 -3.1040228e+001
  7.2271112e+002  1.4404981e+002 -1.2962019e+001
  6.9483054e+002  1.4390728e+002  2.6277373e+001
  6.6687555e+002  1.4238629e+002  3.7361344e+001
  6.6279955e+002  1.4215028e+002 -1.3231630e+001
  6.7259575e+002  1.4442988e+002 -6.5559872e+001
  7.3028047e+002  1.4806987e+002 -3.5429595e+001
  7.5394987e+002  1.4930333e+002 -1.2641583e+001
  7.8164338e+002  1.4759131e+002  2.9204145e+001
  7.3340716e+002  1.4517195e+002  3.6216332e+001
  7.1316082e+002  1.4204423e+002 -6.5975336e+001
  7.3487061e+002  1.4441594e+002 -4.4990178e+001
  7.5257273e+002  1.4541101e+002 -1.6140218e+001
  7.5629666e+002  1.4399512e+002 -1.1556374e+001
  7.3604862e+002  1.4248491e+002  3.6962994e+001
  7.0579487e+002  1.3998985e+002  2.5661753e+001
  6.9748497e+002  1.3919279e+002 -7.5924934e+001
  7.4710508e+002  1.4349539e+002 -1.6356377e+001
  7.4273790e+002  1.4291884e+002 -1.1004296e+001
  7.6437614e+002  1.4202317e+002  3.7540229e+001
  7.1205588e+002  1.3974689e+002  3.7652107e+001
  7.0368992e+002  1.3870119e+002 -5.5223477e+001
  7.5126430e+002  1.4169335e+002 -4.8544316e+001
  8.1485833e+002  1.4293535e+002 -1.4822276e+001
  8.0657798e+002  1.4242825e+002  1.8138449e+000
  7.6640947e+002  1.3994922e+002  3.9016774e+001
  7.2828584e+002  1.3638211e+002 -5.0801484e+001
  7.4414355e+002  1.3763899e+002 -5.0709627e+001
  7.7000903e+002  1.4063995e+002 -1.2935500e+001
  7.9992540e+002  1.3949699e+002 -1.0932147e+001
  8.0794250e+002  1.3889121e+002 -2.4922302e+000
  7.6007371e+002  1.3709760e+002  2.9477318e+001
  7.2223925e+002  1.3433516e+002 -5.1976219e+001
  7.6237605e+002  1.3629430e+002 -5.8620599e+001
  7.9855101e+002  1.3972427e+002 -1.1259895e+001
  8.0482442e+002  1.3885980e+002 -1.0929172e+001
  7.7120674e+002  1.3781745e+002  3.9279121e+001
  7.3364194e+002  1.3464747e+002  1.0239664e+001
  7.5006740e+002  1.3454859e+002 -6.4432942e+001
  7.8451052e+002  1.3853163e+002 -1.1594152e+001
  7.9302868e+002  1.3757725e+002 -1.0860900e+001
  7.9163609e+002  1.3683684e+002  8.8903568e-001
  7.5233043e+002  1.3520117e+002  4.1990238e+001
  7.1504618e+002  1.3234552e+002 -4.9245791e+001
  7.3772122e+002  1.3497413e+002 -5.2921111e+001
  7.4039332e+002  1.3838037e+002 -1.6070849e+001
  7.5506694e+002  1.3798294e+002 -1.0417586e+001
  7.6776654e+002  1.3851615e+002  6.4990997e+000
  7.4651329e+002  1.3830391e+002  3.2480402e+001
  7.2527175e+002  1.3650785e+002 -4.0970377e+001
  7.6600654e+002  1.3855099e+002 -5.4197655e+001
  7.6278554e+002  1.4184473e+002 -1.1804477e+001
  7.6560338e+002  1.4045456e+002 -1.0624188e+001
  7.4646476e+002  1.3950516e+002  2.4839179e+001
  7.0133778e+002  1.3776296e+002  4.0312729e+001
  6.9814723e+002  1.3552104e+002  1.1565252e+001
  6.8288779e+002  1.3864466e+002 -6.2812164e+001
  7.1753404e+002  1.4200905e+002 -4.5567483e+001
  7.6214370e+002  1.4453580e+002 -2.3057962e+001
  7.6479114e+002  1.4585912e+002 -1.0840086e+001
  7.6148077e+002  1.4494422e+002 -8.7704919e+000
  7.3820706e+002  1.4433158e+002  4.5530270e+001
  7.0093123e+002  1.4160117e+002  3.1857700e+001
  6.8959115e+002  1.4207745e+002 -6.1941988e+001
  7.0216792e+002  1.4487220e+002 -5.5454128e+001
  7.1668251e+002  1.4693209e+002 -3.2703907e+001
  7.2515910e+002  1.4717455e+002 -1.0608407e+001
  7.3761183e+002  1.4644098e+002 -8.4368032e+000
  7.2806144e+002  1.4707116e+002  3.0991525e+001
  7.1249202e+002  1.4475014e+002  1.9005290e+001
  7.1687761e+002  1.4527105e+002 -5.5677484e+001
  7.4322554e+002  1.4759676e+002 -2.3999269e+001
  7.4957971e+002  1.4818215e+002 -1.0659268e+001
  7.5395072e+002  1.4764419e+002 -9.8172473e+000
  7.4234584e+002  1.4686898e+002  3.0135196e+001
  7.2474574e+002  1.4437524e+002  2.6592650e+001
  7.1512108e+002  1.4496880e+002 -8.1342790e+001
  7.2945582e+002  1.4754167e+002 -1.0558016e+001
  7.1577386e+002  1.4723711e+002 -1.0316054e+001
  6.7405238e+002  1.4600563e+002 -1.1310500e+001
  6.6422186e+002  1.4389318e+002 -1.0325012e+001
  7.1226591e+002  1.4496423e+002 -9.9569481e+000
  7.4026460e+002  1.4638757e+002 -1.0823694e+001
