  5.9586170e+002  1.3220798e+002  9.2133704e+000
  5.8215927e+002  1.2813723e+002  2.7709662e+001
  5.7444591e+002  1.2547055e+002 -3.6033685e+000
  5.6470875e+002  1.2496949e+002 -9.0841908e+001
  5.5293158e+002  1.2586722e+002 -8.5635355e+001
  5.5509476e+002  1.2821623e+002 -6.1739031e+001
  5.6320190e+002  1.2918344e+002 -3.8913110e+001
  5.6126651e+002  1.2854746e+002  3.3002452e+001
  5.6128536e+002  1.2830622e+002  3.3831514e+001
  5.6525849e+002  1.2803933e+002 -1.1796542e+001
  5.8319251e+002  1.3046035e+002 -9.3561762e+001
  5.9111732e+002  1.3601530e+002 -7.7069423e+001
  6.0504613e+002  1.3805645e+002 -4.8927037e+001
  6.2300215e+002  1.3409620e+002 -2.5300701e+001
  6.2701531e+002  1.3162394e+002  4.0384965e+001
  6.1309229e+002  1.2888556e+002  2.2867434e+001
  6.0320989e+002  1.2479150e+002 -7.4170488e+001
  5.8735164e+002  1.2641192e+002 -7.3661532e+001
  5.7949111e+002  1.2797953e+002 -4.6273849e+001
  5.7161520e+002  1.2402095e+002 -6.9357923e+000
  5.6971078e+002  1.2077057e+002  3.9218200e+001
  5.6577468e+002  1.1992398e+002  6.3750524e+000
  5.6580034e+002  1.1977676e+002 -2.6931974e+001
  5.6778779e+002  1.2306768e+002 -8.4147391e+001
  5.6774036e+002  1.3009821e+002 -6.4253558e+001
  5.8965797e+002  1.3116308e+002 -2.4644318e+001
  5.9557714e+002  1.2998806e+002  3.5243344e+001
  6.1350773e+002  1.2987518e+002  1.8972241e+001
  6.1747964e+002  1.2976427e+002 -5.7764746e+001
  6.2549948e+002  1.3133214e+002 -6.9476511e+001
  6.2958062e+002  1.3181939e+002 -3.4749574e+001
  6.2172987e+002  1.2851385e+002  2.9891942e+001
  6.0793412e+002  1.2609600e+002  3.7179775e+001
  6.0017041e+002  1.2229282e+002 -1.0399930e+001
  5.9042577e+002  1.2064896e+002 -7.6292472e+001
  5.8668398e+002  1.2345469e+002 -6.5929672e+001
  5.8693880e+002  1.2381167e+002 -3.6347259e+001
  5.8919064e+002  1.2100252e+002  1.6958071e+001
  5.7944327e+002  1.1877353e+002  3.9743161e+001
  5.7968044e+002  1.1729201e+002  5.4389849e+000
  5.7190255e+002  1.1712348e+002 -4.0469630e+001
  5.6609662e+002  1.1797066e+002 -7.9369198e+001
  5.5825299e+002  1.2227796e+002 -4.0532552e+001
  5.6035858e+002  1.2193755e+002 -1.9563964e+001
  5.5241691e+002  1.2222789e+002  2.9487513e+001
  5.6041472e+002  1.2191443e+002  3.5168632e+001
  5.5836536e+002  1.2462368e+002  1.9271862e+001
  5.7426541e+002  1.2703113e+002 -7.2809293e+001
  5.9014137e+002  1.3069180e+002 -6.0039300e+001
  6.1001970e+002  1.3250680e+002 -4.0417877e+001
  6.2393353e+002  1.3235615e+002 -1.3911321e+001
  6.1990605e+002  1.3023859e+002  4.7000545e+001
  6.1593054e+002  1.3016860e+002  2.4347242e+001
  6.1200038e+002  1.2867306e+002 -7.4108986e+001
  6.1810903e+002  1.2914948e+002 -5.4722234e+001
  6.2226666e+002  1.2789965e+002 -1.8945189e+001
  6.0848019e+002  1.2507050e+002  7.3277653e-001
  5.9272667e+002  1.2184129e+002  4.5928459e+001
  5.7697982e+002  1.1786066e+002  3.3549186e+001
  5.7321340e+002  1.1561297e+002 -7.6153677e+001
  5.6342114e+002  1.1997647e+002 -6.5292966e+001
  5.5958671e+002  1.2262544e+002 -3.7564580e+001
  5.5370373e+002  1.2144028e+002 -1.5076307e+001
  5.5176239e+002  1.2078603e+002  1.5949336e+001
  5.4975945e+002  1.2083459e+002  4.4547057e+001
  5.4569157e+002  1.2099204e+002  2.0641519e+001
  5.4355199e+002  1.2256766e+002 -3.4396121e+001
  5.4333712e+002  1.2630305e+002 -7.0162591e+001
  5.5104662e+002  1.3148945e+002 -3.9811503e+001
  5.5869332e+002  1.3229151e+002 -1.8417271e+001
  5.7428998e+002  1.3265456e+002  2.3760761e+001
  5.7986259e+002  1.3438120e+002  5.0777890e+001
  5.9142044e+002  1.3424331e+002  1.2058145e+001
  5.9898279e+002  1.3623467e+002 -5.7312006e+001
  6.1256225e+002  1.3875758e+002 -7.3910182e+001
  6.3018144e+002  1.4095127e+002 -2.8358046e+001
  6.1786973e+002  1.3655637e+002 -4.8606763e+000
  6.0760661e+002  1.3234657e+002  4.6620088e+001
  5.9737497e+002  1.2774986e+002  1.6765048e+001
  5.7915775e+002  1.2381656e+002 -6.6506554e+001
  5.7892459e+002  1.2470813e+002 -5.7911504e+001
  5.5867511e+002  1.2443405e+002 -2.3402477e+001
  5.4837555e+002  1.1899886e+002 -1.2795959e+001
  5.4400875e+002  1.1732151e+002  2.7636730e+001
  5.3956743e+002  1.1707920e+002  3.4968975e+001
  5.4104419e+002  1.1765652e+002  1.6143998e+001
  5.3644149e+002  1.2008944e+002 -5.7707577e+001
  5.3975167e+002  1.2366701e+002 -7.2351834e+001
  5.3698022e+002  1.2869120e+002 -3.7961182e+001
  5.4412255e+002  1.2922738e+002 -1.5741303e+001
  5.4519054e+002  1.3023344e+002  4.2983837e+001
  5.6818599e+002  1.3286905e+002  4.2149113e+001
  5.7314721e+002  1.3615263e+002 -2.5054867e+001
  5.9408248e+002  1.3823962e+002 -6.9259109e+001
  6.1702668e+002  1.4552252e+002 -4.4126286e+001
  6.7001807e+002  1.4531146e+002 -1.3600512e+001
  6.9714495e+002  1.4527609e+002  4.9969091e+001
  6.8645254e+002  1.4482435e+002 -7.1009528e+001
  6.9192301e+002  1.4092248e+002 -4.7037000e+001
  6.9556549e+002  1.4535199e+002 -1.8788372e+001
  6.7938605e+002  1.4167026e+002 -1.1837561e+001
  6.7535772e+002  1.3690115e+002  5.3779017e+001
  6.5147378e+002  1.3453771e+002 -4.9676278e+001
  6.5569443e+002  1.3230701e+002 -1.7178870e+001
  6.2402671e+002  1.3114331e+002 -2.0702598e+001
  5.8641783e+002  1.2556870e+002  6.4536655e+000
  5.5680511e+002  1.2080287e+002  4.5399181e+001
  5.5113921e+002  1.1878588e+002 -7.5830141e+001
  5.4741066e+002  1.2217837e+002 -1.6224352e+001
  5.5161327e+002  1.2351200e+002 -1.6648106e+001
  5.4975404e+002  1.2567698e+002  5.0866888e+001
  5.5982986e+002  1.2623293e+002  6.3601565e+000
  5.7785753e+002  1.2831377e+002 -6.5714479e+001
  5.9586710e+002  1.3769396e+002 -2.5747142e+001
  6.0988858e+002  1.3880316e+002 -1.5010221e+001
  6.1794534e+002  1.3790619e+002  3.9906179e+001
  6.2805080e+002  1.3712357e+002 -6.3504415e+001
  6.6222182e+002  1.3795800e+002 -1.5638354e+001
  6.6651535e+002  1.3747686e+002 -1.3692860e+001
  6.6893853e+002  1.3548035e+002  3.7138308e+001
  6.4749541e+002  1.3218914e+002  1.1937870e+001
  6.3015025e+002  1.2628876e+002 -7.0894177e+001
  6.2887414e+002  1.2931235e+002 -2.3871884e+001
  6.1766495e+002  1.2666498e+002 -1.7956881e+001
  5.9850400e+002  1.2292821e+002  3.3988689e+001
  5.8335936e+002  1.1856583e+002  4.7027403e+001
  5.6420579e+002  1.1502556e+002 -5.5057007e+001
  5.5901136e+002  1.1516050e+002 -6.7483684e+001
  5.5176742e+002  1.2180888e+002 -4.1882337e+001
  5.5846188e+002  1.2252678e+002 -1.8557298e+001
  5.5110592e+002  1.2113840e+002  3.4337308e+001
  5.5368727e+002  1.2222841e+002  4.4241639e+001
  5.5021023e+002  1.2101365e+002  1.2905203e+001
  5.5066900e+002  1.2254907e+002 -6.8265230e+001
  5.4706436e+002  1.2653925e+002 -5.7324941e+001
  5.5339029e+002  1.2768983e+002 -2.6532698e+001
  5.5965734e+002  1.2854373e+002 -1.7917180e+001
  5.6387595e+002  1.3090038e+002  3.4625971e+001
  5.7405316e+002  1.3269469e+002  4.2199329e+001
  5.7220592e+002  1.3417467e+002 -3.3428485e+001
  5.9833115e+002  1.3650277e+002 -6.2184517e+001
  6.2047241e+002  1.4434288e+002 -2.7655693e+001
  6.2866658e+002  1.4286207e+002 -1.7161467e+001
  6.4292734e+002  1.4039387e+002  3.1444653e+001
  6.3527843e+002  1.3952315e+002  3.8044677e+001
  6.2770713e+002  1.3583548e+002 -2.5690396e+001
  6.1420081e+002  1.3344171e+002 -7.3110790e+001
  6.0473695e+002  1.3699884e+002 -3.3378539e+001
  5.8929979e+002  1.3065681e+002 -1.4473423e+001
  5.7986359e+002  1.2550104e+002  5.0964067e+001
  5.6841263e+002  1.2228795e+002  3.8414993e+001
  5.7292783e+002  1.1921317e+002 -5.4000560e+001
  5.6941671e+002  1.1964858e+002 -7.4453618e+001
  5.5987341e+002  1.2285491e+002 -3.1272270e+001
  5.5628204e+002  1.2208250e+002 -1.7824545e+001
  5.5263660e+002  1.1942307e+002  4.4129967e+001
  5.5093103e+002  1.1832818e+002  3.2540526e+001
  5.4716247e+002  1.1854701e+002  2.8947815e+001
  5.4732465e+002  1.2116491e+002 -7.6926154e+001
  5.4741784e+002  1.2705127e+002 -6.9664837e+001
  5.4944219e+002  1.2940788e+002 -2.2522132e+001
  5.6740108e+002  1.2917667e+002 -2.6234677e+000
  5.6932444e+002  1.3032726e+002  3.9197320e+001
  5.8121547e+002  1.3032057e+002 -1.0720673e+000
  5.8509400e+002  1.3169858e+002 -6.6569745e+001
  5.8896648e+002  1.3345159e+002 -5.4805877e+001
  5.9483937e+002  1.3380652e+002 -1.9719856e+001
  5.8872246e+002  1.3088897e+002 -1.3854205e+001
  5.8060555e+002  1.2962907e+002  3.7554851e+001
  5.6647512e+002  1.2896173e+002  4.7340995e+001
  5.6830762e+002  1.2866482e+002  1.9726537e+001
  5.6810609e+002  1.3038986e+002 -6.7610548e+001
  5.6987021e+002  1.3453471e+002 -5.3553821e+001
  5.8160291e+002  1.3708630e+002 -2.7683854e+001
  6.0532375e+002  1.3577987e+002 -2.3496531e+001
  6.2507227e+002  1.3877724e+002  2.0841271e+000
  6.2288137e+002  1.3994040e+002  5.2689755e+001
  6.2074740e+002  1.3989031e+002 -7.6175305e+001
  6.3466682e+002  1.3939087e+002 -5.3659828e+001
  6.4266281e+002  1.4176825e+002 -1.8465288e+001
  6.5274871e+002  1.3953242e+002  1.9319973e+001
  6.3894132e+002  1.3691964e+002  6.1860929e+001
  6.1921763e+002  1.3205157e+002 -7.1587516e+001
  5.9754478e+002  1.3116009e+002 -6.0083779e+001
  5.7788663e+002  1.2866871e+002 -2.5762685e+001
  5.7021042e+002  1.2366228e+002 -1.1512032e+001
  5.5850337e+002  1.2192746e+002  3.3061929e+001
  5.5874596e+002  1.2180935e+002  2.8331490e+001
  5.5693859e+002  1.2249376e+002 -1.3459234e+001
  5.5907825e+002  1.2504184e+002 -7.5670894e+001
  5.6516850e+002  1.3192382e+002 -2.9943176e+001
  5.8121951e+002  1.3170818e+002 -1.7288867e+001
  5.6725801e+002  1.3403855e+002  2.6052123e+001
  5.7126074e+002  1.3119882e+002  4.3839029e+001
  5.6323438e+002  1.3119927e+002 -3.1844504e+001
  5.6116554e+002  1.3228888e+002 -7.1049615e+001
  5.6105077e+002  1.3710848e+002 -2.5325646e+001
  5.6888989e+002  1.3725609e+002 -1.2297390e+001
  5.6669596e+002  1.3835597e+002  4.7514866e+001
  5.7246532e+002  1.3912595e+002  3.9853810e+001
  5.8220760e+002  1.3781730e+002  8.3946723e+000
  5.8793901e+002  1.3938486e+002 -6.9068978e+001
  6.0166913e+002  1.4792423e+002 -5.7889247e+001
  6.0742083e+002  1.4776564e+002 -2.2649502e+001
  6.1520369e+002  1.4285483e+002 -1.2922011e+001
  6.1103070e+002  1.3966861e+002  4.5196440e+001
  6.0489489e+002  1.3699468e+002 -9.6093286e+001
  5.9278603e+002  1.3270658e+002 -1.2644671e+001
  5.8068396e+002  1.2312316e+002 -1.1745634e+001
  5.7056849e+002  1.2492445e+002  6.3289322e+001
  5.7242277e+002  1.2269845e+002 -7.7761743e+001
  5.6424989e+002  1.2431045e+002 -4.7881915e+001
  5.6603622e+002  1.2391713e+002 -1.8430394e+001
  5.7178474e+002  1.2225885e+002  3.7495905e+001
  5.6750505e+002  1.2031784e+002  4.0288193e+001
  5.6318999e+002  1.1658786e+002  3.2403125e+001
  5.6883238e+002  1.1347770e+002 -7.8625442e+001
  5.6044163e+002  1.1727317e+002 -5.1891556e+001
  5.6600375e+002  1.1695560e+002 -1.9653659e+001
  5.5752800e+002  1.1462046e+002 -1.2922023e+001
  5.4900027e+002  1.1149686e+002  2.0665573e+001
  5.5440634e+002  1.0861659e+002  4.4656108e+001
  5.4175522e+002  1.0881085e+002 -6.4426435e+001
  5.5302583e+002  1.1427296e+002 -5.3543859e+001
  5.4423694e+002  1.2350903e+002 -1.8968027e+001
  5.5737392e+002  1.2664546e+002  4.8147688e+001
  5.6645865e+002  1.2728846e+002  2.6256145e+001
  5.7150628e+002  1.2812512e+002 -7.3045142e+001
  6.0052522e+002  1.3381982e+002 -2.1580674e+001
  6.1756384e+002  1.3597106e+002  3.8904321e+001
  6.3265053e+002  1.3391842e+002  3.4252654e+001
  6.5181044e+002  1.3162748e+002 -7.5889430e+001
  6.5907550e+002  1.3447042e+002 -4.6533501e+001
  6.6845782e+002  1.3448699e+002 -1.7603631e+001
  6.6797303e+002  1.3135720e+002  4.1020396e+001
  6.5562033e+002  1.2670284e+002  2.9190286e+001
  6.3137913e+002  1.2194616e+002 -6.6852678e+001
  6.1120904e+002  1.2243123e+002 -4.9246567e+001
  5.9907642e+002  1.2174685e+002 -2.2915037e+001
  5.7496106e+002  1.1683389e+002 -1.1327203e+001
  5.5682278e+002  1.1345416e+002  4.2960248e+001
  5.4063133e+002  1.1133202e+002  3.4965796e+001
  5.3035973e+002  1.0962493e+002 -3.0622884e+001
  5.2999086e+002  1.1488906e+002 -6.3072106e+001
  5.3352412e+002  1.2370617e+002 -2.7164952e+001
  5.3496538e+002  1.2738596e+002 -1.4425577e+001
  5.3831705e+002  1.2817857e+002  4.9302251e+001
  5.6158471e+002  1.2776131e+002  4.7415746e+001
  5.9480715e+002  1.2901949e+002 -6.4643237e+001
  6.4203973e+002  1.3666521e+002 -7.2084462e+001
  6.6936118e+002  1.4299320e+002 -4.1630333e+001
  7.0081704e+002  1.4165002e+002  4.7315909e+001
  7.0045972e+002  1.3983543e+002  2.0768507e+001
  6.9228863e+002  1.3643640e+002 -2.7751786e+001
  6.9829016e+002  1.3864827e+002 -5.5381835e+001
  6.8647430e+002  1.3920072e+002 -2.9121691e+001
  6.6482137e+002  1.3417168e+002 -6.6025869e+000
  6.4329528e+002  1.2875676e+002  5.1200009e+001
  6.1786014e+002  1.2455093e+002  2.1486433e+001
  5.9047357e+002  1.2004220e+002 -5.6809835e+001
  5.8308992e+002  1.2178404e+002 -6.7604290e+001
  5.7769689e+002  1.2607736e+002 -4.5073924e+001
  5.7428549e+002  1.2410331e+002 -2.1607184e+001
  5.7685003e+002  1.2115960e+002  5.0607040e+001
  5.7139478e+002  1.2000333e+002  4.4586104e+001
  5.6791067e+002  1.1836456e+002 -1.0845025e+001
  5.7439186e+002  1.1836058e+002 -7.2707733e+001
  5.7084918e+002  1.2383836e+002 -5.7689124e+001
  5.6927672e+002  1.2556005e+002 -4.6583168e+001
  5.6567185e+002  1.2249251e+002  2.8823645e+001
  5.4402856e+002  1.1795962e+002  5.7765994e+001
  5.4031079e+002  1.1715684e+002  4.0538115e+001
  5.3051234e+002  1.1783883e+002 -5.7293704e+001
  5.3061687e+002  1.2318971e+002 -7.2030516e+001
  5.4262457e+002  1.3205641e+002 -4.5158884e+001
  5.7455544e+002  1.3602172e+002 -2.9727020e+001
  5.9246270e+002  1.3898822e+002  6.5627795e+001
  6.0837620e+002  1.3849488e+002  4.2796486e+001
  6.1632246e+002  1.3767187e+002 -4.2071000e+001
  6.4631473e+002  1.3863982e+002 -7.0056108e+001
  6.6840298e+002  1.4537133e+002 -4.5660481e+001
  6.4862404e+002  1.4327563e+002 -2.8870458e+001
  6.2894494e+002  1.3822123e+002  6.1160944e+001
  6.0133289e+002  1.3303470e+002  4.8964776e+001
  5.8574185e+002  1.2881640e+002 -2.9837288e+001
  5.7814585e+002  1.2869330e+002 -7.6612584e+001
  5.8053223e+002  1.3241719e+002 -5.3444072e+001
  5.7290496e+002  1.3022728e+002 -3.2324138e+001
  5.7525133e+002  1.2493392e+002  2.9234419e+001
  5.6557526e+002  1.2076828e+002  6.1655197e+001
  5.5786061e+002  1.2075743e+002  3.4546228e+001
  5.6009452e+002  1.2060934e+002 -8.0230667e+001
  5.5828073e+002  1.2464078e+002 -6.7397784e+001
  5.6241621e+002  1.2851645e+002 -3.2501734e+001
  5.6450784e+002  1.2755882e+002 -9.5193584e+000
  5.7255913e+002  1.2534229e+002  6.6191648e+001
  5.7258348e+002  1.2632517e+002  3.6464470e+001
  5.8058093e+002  1.2609709e+002 -2.1150438e+001
  5.8456482e+002  1.2820668e+002 -7.3333101e+001
  6.0254178e+002  1.3603545e+002 -5.3464489e+001
